running model M5 dataset auto_mpg file= /home/local/manuel.fernandez.delgado/artigos/comparacion_regresores/experiments/data/auto_mpg/auto_mpg_R.dat ...
#pruned: 2 values:  1 2
#smoothed: 2 values:  1  2 
#rules: 2 values:  1  2 
            progress	              pruned	            smoothed	               rules	                rmse	                best
               11.11	                   1	                   1	                   1	            0.245605	            0.245605
               22.22	                   1	                   1	                   2	            0.245605	            0.245605
               33.33	                   1	                   2	                   1	            0.230087	            0.230087
               44.44	                   1	                   2	                   2	            0.185271	            0.185271
               55.56	                   2	                   1	                   1	            0.231614	            0.185271
               66.67	                   2	                   1	                   2	            0.167643	            0.167643
               77.78	                   2	                   2	                   1	            0.236288	            0.167643
               88.89	                   2	                   2	                   2	            0.167026	            0.167026
best_pruned= 2 best_smoothed= 2 best_rules= 2 best_rmse=0.167026
test stage
         progress(%)	           partition	                RMSE
               88.91	                   1	            0.167623
               88.93	                   2	              0.1491
               88.96	                   3	            0.158686
               88.98	                   4	            0.159357
               89.00	                   5	            0.153141
               89.02	                   6	            0.152844
               89.04	                   7	            0.174654
               89.07	                   8	            0.188396
               89.09	                   9	            0.177387
               89.11	                  10	            0.174202
               89.13	                  11	             0.14301
               89.16	                  12	            0.153595
               89.18	                  13	            0.199509
               89.20	                  14	            0.191774
               89.22	                  15	              0.1758
               89.24	                  16	            0.193583
               89.27	                  17	            0.178013
               89.29	                  18	             0.18673
               89.31	                  19	            0.156133
               89.33	                  20	            0.149976
               89.36	                  21	            0.189861
               89.38	                  22	            0.202382
               89.40	                  23	            0.178144
               89.42	                  24	            0.179576
               89.44	                  25	            0.160129
               89.47	                  26	             0.15843
               89.49	                  27	            0.152552
               89.51	                  28	            0.137728
               89.53	                  29	            0.171351
               89.56	                  30	            0.121402
               89.58	                  31	             0.16341
               89.60	                  32	            0.127794
               89.62	                  33	            0.153712
               89.64	                  34	            0.196917
               89.67	                  35	            0.174185
               89.69	                  36	            0.206026
               89.71	                  37	            0.180181
               89.73	                  38	            0.150563
               89.76	                  39	            0.135657
               89.78	                  40	            0.163358
               89.80	                  41	            0.176654
               89.82	                  42	            0.152456
               89.84	                  43	             0.18125
               89.87	                  44	            0.178679
               89.89	                  45	             0.18127
               89.91	                  46	             0.13609
               89.93	                  47	            0.173636
               89.96	                  48	            0.185739
               89.98	                  49	            0.148851
               90.00	                  50	            0.187883
               90.02	                  51	            0.152762
               90.04	                  52	            0.167442
               90.07	                  53	            0.153731
               90.09	                  54	            0.136591
               90.11	                  55	            0.137569
               90.13	                  56	            0.171695
               90.16	                  57	            0.154968
               90.18	                  58	            0.144478
               90.20	                  59	            0.168635
               90.22	                  60	            0.234618
               90.24	                  61	            0.137441
               90.27	                  62	            0.198031
               90.29	                  63	             0.16156
               90.31	                  64	            0.153389
               90.33	                  65	            0.149511
               90.36	                  66	            0.135346
               90.38	                  67	             0.12743
               90.40	                  68	            0.177444
               90.42	                  69	            0.173574
               90.44	                  70	            0.154782
               90.47	                  71	            0.208767
               90.49	                  72	             0.12274
               90.51	                  73	            0.161596
               90.53	                  74	            0.132477
               90.56	                  75	            0.145124
               90.58	                  76	            0.165218
               90.60	                  77	             0.16887
               90.62	                  78	            0.164964
               90.64	                  79	              0.1688
               90.67	                  80	            0.186822
               90.69	                  81	            0.170562
               90.71	                  82	             0.16601
               90.73	                  83	            0.169983
               90.76	                  84	            0.183512
               90.78	                  85	            0.139224
               90.80	                  86	            0.151267
               90.82	                  87	            0.156867
               90.84	                  88	             0.17932
               90.87	                  89	            0.239647
               90.89	                  90	            0.171893
               90.91	                  91	            0.163244
               90.93	                  92	            0.159816
               90.96	                  93	            0.150483
               90.98	                  94	            0.175567
               91.00	                  95	            0.165655
               91.02	                  96	            0.167885
               91.04	                  97	            0.193408
               91.07	                  98	             0.13557
               91.09	                  99	            0.127351
               91.11	                 100	            0.143249
               91.13	                 101	            0.135574
               91.16	                 102	            0.175619
               91.18	                 103	            0.133463
               91.20	                 104	            0.124045
               91.22	                 105	            0.146447
               91.24	                 106	            0.163986
               91.27	                 107	            0.135028
               91.29	                 108	            0.139844
               91.31	                 109	            0.141902
               91.33	                 110	            0.158592
               91.36	                 111	            0.153525
               91.38	                 112	             0.15291
               91.40	                 113	            0.157621
               91.42	                 114	            0.141888
               91.44	                 115	            0.173915
               91.47	                 116	            0.167883
               91.49	                 117	            0.160036
               91.51	                 118	             0.13956
               91.53	                 119	            0.146751
               91.56	                 120	            0.151413
               91.58	                 121	            0.158517
               91.60	                 122	            0.175114
               91.62	                 123	            0.166595
               91.64	                 124	            0.144607
               91.67	                 125	            0.164257
               91.69	                 126	            0.211131
               91.71	                 127	            0.155382
               91.73	                 128	            0.226259
               91.76	                 129	            0.205833
               91.78	                 130	            0.173412
               91.80	                 131	              0.1808
               91.82	                 132	            0.183053
               91.84	                 133	            0.137973
               91.87	                 134	            0.125627
               91.89	                 135	            0.156278
               91.91	                 136	            0.180703
               91.93	                 137	            0.135237
               91.96	                 138	            0.180989
               91.98	                 139	            0.128019
               92.00	                 140	            0.163735
               92.02	                 141	            0.149651
               92.04	                 142	            0.171422
               92.07	                 143	            0.155858
               92.09	                 144	            0.170051
               92.11	                 145	            0.183566
               92.13	                 146	            0.154072
               92.16	                 147	            0.179955
               92.18	                 148	            0.171035
               92.20	                 149	            0.154101
               92.22	                 150	            0.176237
               92.24	                 151	            0.165743
               92.27	                 152	            0.170954
               92.29	                 153	            0.166934
               92.31	                 154	            0.155384
               92.33	                 155	            0.178534
               92.36	                 156	            0.160472
               92.38	                 157	            0.149957
               92.40	                 158	            0.167245
               92.42	                 159	            0.150887
               92.44	                 160	            0.167872
               92.47	                 161	            0.184015
               92.49	                 162	            0.147061
               92.51	                 163	            0.222147
               92.53	                 164	            0.139429
               92.56	                 165	            0.211672
               92.58	                 166	            0.167618
               92.60	                 167	            0.143172
               92.62	                 168	            0.147283
               92.64	                 169	            0.188069
               92.67	                 170	            0.150258
               92.69	                 171	             0.16224
               92.71	                 172	            0.153195
               92.73	                 173	            0.173926
               92.76	                 174	            0.151729
               92.78	                 175	            0.163503
               92.80	                 176	              0.1575
               92.82	                 177	            0.141822
               92.84	                 178	            0.126698
               92.87	                 179	            0.137723
               92.89	                 180	            0.151838
               92.91	                 181	            0.161143
               92.93	                 182	             0.14115
               92.96	                 183	            0.264755
               92.98	                 184	            0.148664
               93.00	                 185	            0.171693
               93.02	                 186	             0.13456
               93.04	                 187	            0.138709
               93.07	                 188	            0.157386
               93.09	                 189	            0.206211
               93.11	                 190	             0.15125
               93.13	                 191	            0.136013
               93.16	                 192	            0.173482
               93.18	                 193	            0.150839
               93.20	                 194	            0.176766
               93.22	                 195	            0.140868
               93.24	                 196	            0.191564
               93.27	                 197	            0.171648
               93.29	                 198	            0.144377
               93.31	                 199	            0.153461
               93.33	                 200	            0.162849
               93.36	                 201	            0.180697
               93.38	                 202	             0.18055
               93.40	                 203	             0.15604
               93.42	                 204	            0.142124
               93.44	                 205	            0.189007
               93.47	                 206	             0.14946
               93.49	                 207	            0.214136
               93.51	                 208	            0.200927
               93.53	                 209	            0.151514
               93.56	                 210	            0.193939
               93.58	                 211	            0.146034
               93.60	                 212	            0.167432
               93.62	                 213	            0.156811
               93.64	                 214	            0.150144
               93.67	                 215	            0.162953
               93.69	                 216	            0.177961
               93.71	                 217	            0.182819
               93.73	                 218	            0.186447
               93.76	                 219	            0.142035
               93.78	                 220	            0.129596
               93.80	                 221	            0.165433
               93.82	                 222	            0.217682
               93.84	                 223	            0.165107
               93.87	                 224	            0.198147
               93.89	                 225	            0.201442
               93.91	                 226	            0.181033
               93.93	                 227	            0.156341
               93.96	                 228	            0.197002
               93.98	                 229	            0.166261
               94.00	                 230	            0.178464
               94.02	                 231	            0.169096
               94.04	                 232	            0.183727
               94.07	                 233	            0.232735
               94.09	                 234	            0.203609
               94.11	                 235	            0.187894
               94.13	                 236	            0.147092
               94.16	                 237	            0.109433
               94.18	                 238	            0.151879
               94.20	                 239	            0.218525
               94.22	                 240	            0.141683
               94.24	                 241	            0.179766
               94.27	                 242	            0.176191
               94.29	                 243	            0.172742
               94.31	                 244	            0.132314
               94.33	                 245	            0.181693
               94.36	                 246	             0.15985
               94.38	                 247	            0.151743
               94.40	                 248	            0.156132
               94.42	                 249	            0.131408
               94.44	                 250	            0.169986
               94.47	                 251	            0.185928
               94.49	                 252	            0.147093
               94.51	                 253	            0.168664
               94.53	                 254	            0.170948
               94.56	                 255	            0.171427
               94.58	                 256	            0.170461
               94.60	                 257	            0.143078
               94.62	                 258	            0.129284
               94.64	                 259	            0.190378
               94.67	                 260	            0.169301
               94.69	                 261	            0.179861
               94.71	                 262	            0.174616
               94.73	                 263	            0.176145
               94.76	                 264	            0.168625
               94.78	                 265	            0.200725
               94.80	                 266	            0.159961
               94.82	                 267	            0.191217
               94.84	                 268	            0.179183
               94.87	                 269	            0.177436
               94.89	                 270	            0.168236
               94.91	                 271	            0.166136
               94.93	                 272	            0.160615
               94.96	                 273	            0.170695
               94.98	                 274	            0.131193
               95.00	                 275	            0.164157
               95.02	                 276	            0.135576
               95.04	                 277	            0.155477
               95.07	                 278	            0.143813
               95.09	                 279	            0.189068
               95.11	                 280	            0.167861
               95.13	                 281	            0.169325
               95.16	                 282	            0.172374
               95.18	                 283	            0.158742
               95.20	                 284	            0.152414
               95.22	                 285	            0.149256
               95.24	                 286	            0.176437
               95.27	                 287	            0.172235
               95.29	                 288	             0.18083
               95.31	                 289	             0.17605
               95.33	                 290	            0.198594
               95.36	                 291	            0.209405
               95.38	                 292	            0.124008
               95.40	                 293	            0.199591
               95.42	                 294	            0.162493
               95.44	                 295	            0.180354
               95.47	                 296	            0.199396
               95.49	                 297	             0.14421
               95.51	                 298	            0.170944
               95.53	                 299	            0.154913
               95.56	                 300	            0.163801
               95.58	                 301	            0.188628
               95.60	                 302	            0.168551
               95.62	                 303	            0.190053
               95.64	                 304	             0.18538
               95.67	                 305	            0.184172
               95.69	                 306	            0.126814
               95.71	                 307	            0.177731
               95.73	                 308	            0.176074
               95.76	                 309	            0.200161
               95.78	                 310	            0.162498
               95.80	                 311	            0.170086
               95.82	                 312	            0.147633
               95.84	                 313	            0.172058
               95.87	                 314	             0.17787
               95.89	                 315	            0.215187
               95.91	                 316	            0.181811
               95.93	                 317	            0.166704
               95.96	                 318	            0.185766
               95.98	                 319	            0.143074
               96.00	                 320	            0.128379
               96.02	                 321	               0.162
               96.04	                 322	            0.156167
               96.07	                 323	            0.178051
               96.09	                 324	            0.146148
               96.11	                 325	            0.212512
               96.13	                 326	            0.182798
               96.16	                 327	            0.186435
               96.18	                 328	            0.161062
               96.20	                 329	            0.159973
               96.22	                 330	             0.17918
               96.24	                 331	            0.175728
               96.27	                 332	            0.166245
               96.29	                 333	            0.150482
               96.31	                 334	             0.19605
               96.33	                 335	            0.192235
               96.36	                 336	            0.182196
               96.38	                 337	              0.1764
               96.40	                 338	            0.130118
               96.42	                 339	            0.158517
               96.44	                 340	            0.257858
               96.47	                 341	             0.13132
               96.49	                 342	            0.163226
               96.51	                 343	            0.186798
               96.53	                 344	            0.121062
               96.56	                 345	            0.151059
               96.58	                 346	            0.156883
               96.60	                 347	            0.186597
               96.62	                 348	            0.183171
               96.64	                 349	            0.136097
               96.67	                 350	            0.155975
               96.69	                 351	            0.147182
               96.71	                 352	            0.156384
               96.73	                 353	            0.178737
               96.76	                 354	            0.169279
               96.78	                 355	            0.148822
               96.80	                 356	            0.171311
               96.82	                 357	            0.151192
               96.84	                 358	            0.152136
               96.87	                 359	            0.179419
               96.89	                 360	            0.157853
               96.91	                 361	            0.184812
               96.93	                 362	            0.208634
               96.96	                 363	            0.171504
               96.98	                 364	            0.159864
               97.00	                 365	            0.163193
               97.02	                 366	            0.145075
               97.04	                 367	            0.162861
               97.07	                 368	            0.161935
               97.09	                 369	             0.15369
               97.11	                 370	            0.156187
               97.13	                 371	            0.185888
               97.16	                 372	            0.147262
               97.18	                 373	             0.14161
               97.20	                 374	            0.145674
               97.22	                 375	            0.138977
               97.24	                 376	            0.171657
               97.27	                 377	            0.122709
               97.29	                 378	            0.180117
               97.31	                 379	            0.210032
               97.33	                 380	            0.119691
               97.36	                 381	            0.168955
               97.38	                 382	            0.122967
               97.40	                 383	            0.188441
               97.42	                 384	            0.181168
               97.44	                 385	            0.131586
               97.47	                 386	            0.172168
               97.49	                 387	            0.220694
               97.51	                 388	            0.168576
               97.53	                 389	            0.138567
               97.56	                 390	            0.142654
               97.58	                 391	            0.167058
               97.60	                 392	            0.172285
               97.62	                 393	            0.152711
               97.64	                 394	            0.166313
               97.67	                 395	            0.130112
               97.69	                 396	            0.137463
               97.71	                 397	            0.145847
               97.73	                 398	            0.205443
               97.76	                 399	            0.166929
               97.78	                 400	            0.144538
               97.80	                 401	            0.134524
               97.82	                 402	            0.170776
               97.84	                 403	            0.143338
               97.87	                 404	             0.14982
               97.89	                 405	            0.109051
               97.91	                 406	            0.149749
               97.93	                 407	            0.136975
               97.96	                 408	            0.158301
               97.98	                 409	            0.184853
               98.00	                 410	             0.21713
               98.02	                 411	            0.179514
               98.04	                 412	            0.168094
               98.07	                 413	            0.168911
               98.09	                 414	            0.162965
               98.11	                 415	            0.128174
               98.13	                 416	            0.182469
               98.16	                 417	             0.18589
               98.18	                 418	            0.169618
               98.20	                 419	            0.168909
               98.22	                 420	            0.141616
               98.24	                 421	            0.160174
               98.27	                 422	            0.140792
               98.29	                 423	            0.143147
               98.31	                 424	            0.132299
               98.33	                 425	            0.152198
               98.36	                 426	            0.156478
               98.38	                 427	            0.127789
               98.40	                 428	            0.165209
               98.42	                 429	             0.13128
               98.44	                 430	            0.190376
               98.47	                 431	            0.160391
               98.49	                 432	            0.191917
               98.51	                 433	            0.153177
               98.53	                 434	            0.216646
               98.56	                 435	            0.142924
               98.58	                 436	            0.159285
               98.60	                 437	            0.152764
               98.62	                 438	            0.170197
               98.64	                 439	            0.166292
               98.67	                 440	            0.174966
               98.69	                 441	            0.181922
               98.71	                 442	             0.13839
               98.73	                 443	            0.124233
               98.76	                 444	            0.180521
               98.78	                 445	            0.174274
               98.80	                 446	            0.166995
               98.82	                 447	            0.140091
               98.84	                 448	            0.193196
               98.87	                 449	            0.194693
               98.89	                 450	            0.136356
               98.91	                 451	            0.170131
               98.93	                 452	            0.152773
               98.96	                 453	            0.229122
               98.98	                 454	            0.185872
               99.00	                 455	            0.152877
               99.02	                 456	            0.178258
               99.04	                 457	            0.173914
               99.07	                 458	            0.178639
               99.09	                 459	            0.155825
               99.11	                 460	            0.135406
               99.13	                 461	             0.12693
               99.16	                 462	            0.154814
               99.18	                 463	            0.162867
               99.20	                 464	            0.178369
               99.22	                 465	            0.247436
               99.24	                 466	            0.179185
               99.27	                 467	             0.16827
               99.29	                 468	            0.166699
               99.31	                 469	            0.157718
               99.33	                 470	            0.188147
               99.36	                 471	             0.17695
               99.38	                 472	             0.17092
               99.40	                 473	            0.159525
               99.42	                 474	            0.161246
               99.44	                 475	            0.208753
               99.47	                 476	             0.12256
               99.49	                 477	            0.147829
               99.51	                 478	            0.168667
               99.53	                 479	            0.134667
               99.56	                 480	            0.176936
               99.58	                 481	            0.183743
               99.60	                 482	            0.143787
               99.62	                 483	            0.183524
               99.64	                 484	            0.175242
               99.67	                 485	            0.144296
               99.69	                 486	            0.151079
               99.71	                 487	            0.157696
               99.73	                 488	            0.158077
               99.76	                 489	            0.221522
               99.78	                 490	            0.123415
               99.80	                 491	            0.170673
               99.82	                 492	            0.153833
               99.84	                 493	            0.154716
               99.87	                 494	            0.166357
               99.89	                 495	            0.131184
               99.91	                 496	            0.244131
               99.93	                 497	            0.133603
               99.96	                 498	            0.204986
               99.98	                 499	            0.193025
              100.00	                 500	            0.155986
avg_r2= 0.869201 std= 0.0402399
avg_rmse= 0.165373 std= 0.0236633
avg_mae= 0.128578 std= 0.0176918
time= 1.097776 s.
