     trial        R^2       RMSE        MAE
         1   0.869987   0.167623   0.134269
         2   0.884315     0.1491   0.109898
         3   0.879438   0.158686   0.130194
         4   0.869535   0.159357   0.124388
         5   0.904788   0.153141   0.114937
         6   0.901857   0.152844   0.116747
         7   0.865263   0.174654    0.13733
         8    0.84193   0.188396   0.144433
         9   0.862904   0.177387   0.138428
        10   0.843324   0.174202   0.138676
        11   0.911609    0.14301   0.112978
        12    0.89261   0.153595   0.115167
        13   0.826788   0.199509   0.149181
        14   0.815591   0.191774   0.157435
        15   0.876055     0.1758   0.137178
        16   0.835334   0.193583   0.139948
        17   0.808337   0.178013   0.141498
        18   0.890278    0.18673   0.159421
        19   0.899841   0.156133    0.11924
        20   0.889707   0.149976   0.120369
        21   0.847979   0.189861   0.141756
        22   0.805847   0.202382   0.144463
        23   0.884395   0.178144   0.130632
        24   0.868284   0.179576   0.135628
        25   0.881546   0.160129   0.123185
        26   0.848333    0.15843   0.122452
        27   0.891603   0.152552   0.123916
        28   0.900369   0.137728   0.109739
        29   0.833624   0.171351   0.130803
        30   0.940432   0.121402  0.0947249
        31   0.890987    0.16341   0.127862
        32   0.912608   0.127794   0.109183
        33   0.891317   0.153712    0.11008
        34   0.854869   0.196917   0.155857
        35   0.831044   0.174185   0.134876
        36   0.842724   0.206026   0.155549
        37   0.836165   0.180181   0.153166
        38   0.875102   0.150563   0.119934
        39   0.921917   0.135657   0.105751
        40   0.841537   0.163358   0.125342
        41    0.87707   0.176654   0.113157
        42   0.890425   0.152456   0.126183
        43   0.828873    0.18125    0.14762
        44   0.813407   0.178679    0.14239
        45   0.869843    0.18127   0.147821
        46   0.913115    0.13609   0.103923
        47   0.873785   0.173636   0.135462
        48   0.787219   0.185739   0.144403
        49   0.915831   0.148851   0.127206
        50   0.851099   0.187883   0.148665
        51   0.875353   0.152762   0.119972
        52   0.867135   0.167442   0.135937
        53   0.858362   0.153731   0.126687
        54   0.905856   0.136591   0.108943
        55   0.902868   0.137569   0.105765
        56   0.891662   0.171695   0.126099
        57   0.860454   0.154968   0.115875
        58   0.911938   0.144478   0.112071
        59   0.891292   0.168635   0.124542
        60   0.772575   0.234618   0.174761
        61   0.897035   0.137441   0.113795
        62   0.756816   0.198031   0.147887
        63   0.856802    0.16156    0.11906
        64   0.907213   0.153389   0.115948
        65   0.846736   0.149511   0.121036
        66   0.911842   0.135346    0.10267
        67   0.904873    0.12743  0.0967552
        68    0.84573   0.177444   0.137018
        69   0.871423   0.173574   0.133546
        70   0.889888   0.154782    0.11943
        71   0.807239   0.208767   0.164761
        72   0.926086    0.12274   0.101613
        73   0.871375   0.161596   0.129793
        74   0.919699   0.132477   0.100336
        75   0.907765   0.145124   0.115015
        76   0.862636   0.165218   0.135041
        77   0.882273    0.16887   0.136312
        78    0.90101   0.164964   0.130799
        79   0.876346     0.1688   0.120388
        80   0.838386   0.186822    0.13904
        81   0.847903   0.170562   0.134273
        82   0.842857    0.16601   0.125229
        83   0.885301   0.169983   0.128275
        84   0.836777   0.183512   0.141255
        85   0.911014   0.139224   0.106914
        86   0.906326   0.151267   0.122615
        87   0.906236   0.156867   0.133086
        88   0.833799    0.17932   0.147775
        89   0.729673   0.239647   0.168727
        90   0.874956   0.171893   0.143273
        91    0.81663   0.163244   0.122653
        92   0.879068   0.159816   0.128207
        93   0.904284   0.150483   0.121105
        94   0.893338   0.175567   0.146449
        95   0.842594   0.165655   0.131416
        96   0.837722   0.167885   0.136971
        97   0.782219   0.193408   0.155252
        98   0.911969    0.13557  0.0975111
        99   0.920624   0.127351   0.100798
       100   0.916911   0.143249   0.110903
       101   0.896304   0.135574   0.111012
       102   0.859754   0.175619   0.125445
       103   0.911543   0.133463   0.103528
       104   0.931162   0.124045    0.10174
       105   0.903207   0.146447   0.121436
       106   0.916516   0.163986   0.141394
       107   0.909632   0.135028   0.110273
       108   0.907528   0.139844   0.105286
       109    0.90664   0.141902   0.115479
       110   0.883753   0.158592   0.132189
       111   0.873884   0.153525   0.111127
       112    0.88031    0.15291   0.109265
       113    0.89608   0.157621   0.129142
       114   0.880506   0.141888    0.10951
       115   0.836457   0.173915    0.13604
       116   0.860777   0.167883   0.124096
       117   0.874227   0.160036   0.127443
       118   0.917401    0.13956   0.111198
       119   0.888465   0.146751   0.113727
       120   0.887346   0.151413   0.120335
       121   0.853574   0.158517   0.127045
       122    0.90724   0.175114   0.126274
       123   0.892528   0.166595   0.123303
       124    0.90569   0.144607   0.120568
       125   0.833616   0.164257   0.128698
       126   0.775886   0.211131   0.155708
       127   0.907523   0.155382   0.125483
       128   0.749865   0.226259   0.151919
       129   0.859658   0.205833   0.161038
       130     0.8383   0.173412   0.138782
       131   0.836963     0.1808   0.146372
       132   0.863895   0.183053   0.143571
       133   0.888994   0.137973   0.105443
       134   0.895388   0.125627   0.103875
       135   0.889859   0.156278   0.128917
       136   0.877391   0.180703   0.132288
       137   0.899578   0.135237   0.105604
       138   0.877077   0.180989    0.13628
       139   0.910885   0.128019  0.0955215
       140    0.85825   0.163735   0.130423
       141   0.886094   0.149651   0.122011
       142   0.921208   0.171422   0.130163
       143   0.876612   0.155858    0.12169
       144   0.862144   0.170051    0.13411
       145   0.864609   0.183566   0.138081
       146    0.89463   0.154072   0.124337
       147   0.837462   0.179955   0.125385
       148   0.860822   0.171035   0.135206
       149   0.905028   0.154101   0.128049
       150   0.860233   0.176237   0.131302
       151   0.892568   0.165743   0.120214
       152   0.855859   0.170954   0.138198
       153   0.867432   0.166934   0.128719
       154    0.86921   0.155384   0.113386
       155   0.849593   0.178534   0.129618
       156   0.874345   0.160472   0.124603
       157   0.900948   0.149957   0.120247
       158   0.857284   0.167245   0.138844
       159   0.904383   0.150887   0.114771
       160   0.828867   0.167872   0.124344
       161   0.877198   0.184015   0.143828
       162   0.903951   0.147061   0.111651
       163     0.7381   0.222147   0.152899
       164   0.890063   0.139429   0.109058
       165   0.832921   0.211672   0.169785
       166   0.875163   0.167618   0.126765
       167   0.920219   0.143172   0.115998
       168   0.852785   0.147283   0.119426
       169   0.800185   0.188069   0.147118
       170   0.913878   0.150258   0.113128
       171   0.867849    0.16224   0.123879
       172    0.87062   0.153195   0.118946
       173   0.807618   0.173926   0.132895
       174   0.886832   0.151729   0.117951
       175   0.873638   0.163503   0.126674
       176   0.873709     0.1575   0.119547
       177   0.896917   0.141822   0.108282
       178   0.926171   0.126698   0.101597
       179   0.891998   0.137723   0.109032
       180   0.911273   0.151838   0.115817
       181   0.863321   0.161143   0.120773
       182   0.895277    0.14115   0.118702
       183   0.672639   0.264755   0.210917
       184   0.911214   0.148664   0.117075
       185   0.872671   0.171693    0.12396
       186   0.914509    0.13456   0.101831
       187    0.90308   0.138709   0.111266
       188   0.879765   0.157386   0.126372
       189   0.772717   0.206211    0.15645
       190   0.888191    0.15125   0.126441
       191   0.915915   0.136013  0.0997994
       192   0.827762   0.173482   0.134998
       193   0.876256   0.150839   0.117512
       194   0.895644   0.176766    0.13035
       195   0.917807   0.140868   0.102332
       196   0.840637   0.191564   0.155401
       197   0.857882   0.171648   0.135881
       198   0.899274   0.144377    0.11546
       199   0.886461   0.153461   0.127675
       200   0.839687   0.162849   0.135074
       201   0.870961   0.180697   0.147755
       202    0.78162    0.18055    0.12874
       203   0.869203    0.15604    0.13001
       204   0.915431   0.142124   0.115432
       205   0.818001   0.189007   0.147659
       206   0.882718    0.14946   0.114511
       207   0.827788   0.214136   0.157445
       208   0.844726   0.200927   0.167204
       209    0.89311   0.151514   0.117724
       210   0.800374   0.193939    0.15458
       211   0.863104   0.146034   0.119583
       212   0.848695   0.167432   0.138147
       213   0.898054   0.156811    0.11948
       214   0.894165   0.150144   0.116335
       215    0.87455   0.162953   0.127276
       216   0.865016   0.177961   0.138518
       217   0.822579   0.182819    0.13371
       218   0.851303   0.186447   0.136311
       219   0.908803   0.142035   0.116026
       220   0.919547   0.129596   0.104656
       221   0.903604   0.165433    0.12423
       222   0.835952   0.217682   0.154868
       223    0.90178   0.165107   0.132656
       224   0.832354   0.198147   0.162281
       225   0.840012   0.201442   0.154332
       226   0.866004   0.181033   0.146729
       227   0.881525   0.156341   0.125887
       228    0.82007   0.197002   0.153743
       229   0.860303   0.166261   0.135764
       230   0.829989   0.178464   0.128521
       231   0.851484   0.169096   0.137159
       232   0.843045   0.183727   0.124062
       233   0.783391   0.232735   0.178446
       234   0.774226   0.203609    0.15174
       235   0.848019   0.187894   0.149399
       236     0.9012   0.147092   0.122646
       237   0.942706   0.109433  0.0912244
       238   0.856046   0.151879   0.120602
       239   0.794973   0.218525   0.158988
       240   0.919251   0.141683   0.120228
       241   0.892153   0.179766    0.13229
       242   0.837119   0.176191   0.131298
       243   0.860428   0.172742   0.144739
       244    0.90169   0.132314   0.103284
       245   0.853338   0.181693   0.129888
       246   0.867017    0.15985   0.119203
       247   0.886106   0.151743   0.114618
       248   0.888023   0.156132   0.124778
       249   0.912625   0.131408   0.100034
       250   0.879967   0.169986   0.132875
       251   0.835184   0.185928    0.14678
       252   0.910018   0.147093   0.112772
       253   0.863071   0.168664   0.129328
       254   0.847071   0.170948   0.132252
       255   0.860196   0.171427   0.142817
       256    0.86525   0.170461   0.143714
       257   0.906278   0.143078   0.119621
       258   0.915871   0.129284   0.093603
       259   0.728502   0.190378   0.156927
       260   0.818406   0.169301   0.128982
       261   0.871986   0.179861   0.135332
       262   0.867544   0.174616   0.116685
       263   0.859279   0.176145   0.144754
       264   0.857333   0.168625   0.126461
       265   0.839474   0.200725   0.153382
       266   0.867253   0.159961   0.124652
       267   0.832412   0.191217   0.139182
       268    0.88486   0.179183   0.144856
       269   0.906803   0.177436   0.140167
       270   0.877708   0.168236   0.131879
       271    0.85832   0.166136   0.129564
       272   0.865279   0.160615   0.130931
       273   0.861183   0.170695   0.130225
       274   0.917116   0.131193   0.100847
       275   0.879974   0.164157   0.116178
       276   0.921181   0.135576   0.107081
       277   0.888026   0.155477   0.125126
       278   0.908366   0.143813    0.11005
       279   0.845147   0.189068   0.150457
       280   0.837852   0.167861   0.136401
       281   0.899721   0.169325    0.13957
       282   0.860054   0.172374   0.136127
       283   0.885606   0.158742   0.130323
       284   0.892646   0.152414   0.120916
       285   0.892646   0.149256   0.131012
       286   0.790163   0.176437   0.142955
       287   0.841683   0.172235   0.144463
       288   0.885332    0.18083   0.151936
       289   0.855928    0.17605   0.139524
       290   0.782647   0.198594   0.147316
       291   0.790767   0.209405   0.164883
       292   0.922556   0.124008   0.101506
       293   0.814914   0.199591   0.152342
       294   0.853948   0.162493   0.124529
       295   0.897545   0.180354   0.134813
       296   0.855295   0.199396   0.154214
       297   0.893086    0.14421   0.100598
       298   0.872851   0.170944   0.131348
       299   0.890262   0.154913   0.111511
       300   0.843136   0.163801   0.127714
       301   0.857137   0.188628   0.156319
       302   0.871517   0.168551   0.124091
       303    0.83523   0.190053   0.143259
       304   0.852701    0.18538   0.137608
       305   0.794321   0.184172    0.13911
       306   0.918877   0.126814   0.105379
       307   0.854431   0.177731   0.137506
       308   0.838356   0.176074    0.13412
       309   0.845214   0.200161   0.164577
       310   0.839058   0.162498   0.125102
       311   0.898895   0.170086   0.116171
       312   0.913992   0.147633   0.113429
       313   0.827902   0.172058   0.132859
       314   0.855754    0.17787   0.141325
       315    0.73597   0.215187   0.150844
       316   0.839441   0.181811   0.129996
       317   0.883265   0.166704   0.134908
       318   0.842403   0.185766   0.148367
       319   0.908033   0.143074   0.116547
       320   0.925877   0.128379   0.112104
       321    0.87057      0.162    0.12442
       322   0.876435   0.156167   0.117369
       323   0.888912   0.178051   0.137345
       324   0.885049   0.146148   0.117833
       325   0.813998   0.212512    0.17121
       326   0.845346   0.182798    0.14639
       327   0.851508   0.186435   0.144326
       328   0.875993   0.161062   0.120712
       329   0.867797   0.159973   0.135219
       330   0.826398    0.17918   0.133877
       331   0.889848   0.175728   0.125854
       332   0.880736   0.166245   0.122116
       333   0.893841   0.150482   0.122086
       334   0.811016    0.19605   0.157853
       335   0.837711   0.192235    0.13886
       336   0.839027   0.182196   0.138407
       337   0.842017     0.1764   0.138976
       338   0.902595   0.130118   0.105768
       339   0.887993   0.158517   0.121285
       340    0.76228   0.257858   0.203239
       341   0.909026    0.13132   0.104899
       342   0.839442   0.163226   0.123748
       343   0.850835   0.186798   0.148118
       344   0.894382   0.121062  0.0920391
       345   0.892588   0.151059   0.123433
       346   0.895594   0.156883   0.111374
       347   0.874012   0.186597   0.152038
       348   0.901076   0.183171   0.144034
       349   0.909213   0.136097   0.112515
       350   0.899711   0.155975    0.11872
       351   0.901258   0.147182   0.102618
       352   0.858722   0.156384   0.122723
       353   0.834369   0.178737   0.147517
       354   0.872852   0.169279   0.128187
       355   0.914724   0.148822   0.117612
       356   0.882366   0.171311   0.131863
       357   0.895314   0.151192   0.130633
       358   0.871972   0.152136   0.126565
       359   0.871259   0.179419   0.130991
       360   0.891163   0.157853   0.130602
       361   0.882739   0.184812    0.15492
       362   0.799073   0.208634     0.1468
       363   0.866619   0.171504   0.126357
       364   0.897806   0.159864   0.122423
       365   0.900132   0.163193   0.119412
       366   0.886087   0.145075   0.111609
       367   0.857321   0.162861   0.126617
       368   0.879555   0.161935   0.118112
       369   0.867843    0.15369   0.124298
       370   0.878592   0.156187   0.123177
       371   0.874491   0.185888   0.137774
       372   0.889188   0.147262   0.111965
       373   0.903504    0.14161   0.109792
       374   0.902581   0.145674   0.115293
       375   0.898182   0.138977  0.0990172
       376   0.869001   0.171657   0.134939
       377    0.91243   0.122709   0.100467
       378   0.841391   0.180117   0.138538
       379   0.883926   0.210032   0.168488
       380   0.931629   0.119691  0.0920384
       381   0.843937   0.168955   0.125051
       382   0.926519   0.122967  0.0964914
       383   0.846009   0.188441   0.149198
       384   0.866092   0.181168   0.144122
       385   0.926695   0.131586   0.101115
       386   0.850231   0.172168   0.136876
       387   0.745038   0.220694   0.154256
       388   0.881439   0.168576   0.132315
       389   0.900755   0.138567   0.110454
       390   0.900742   0.142654   0.110734
       391   0.882559   0.167058     0.1281
       392   0.848788   0.172285   0.142641
       393    0.89332   0.152711   0.122691
       394   0.902606   0.166313   0.132049
       395   0.913461   0.130112   0.101928
       396   0.893576   0.137463   0.100998
       397   0.912783   0.145847    0.11241
       398   0.839053   0.205443   0.147484
       399   0.885275   0.166929    0.13049
       400   0.913848   0.144538   0.119105
       401   0.905337   0.134524   0.105617
       402   0.862361   0.170776   0.134799
       403   0.891456   0.143338   0.102844
       404    0.90048    0.14982   0.118531
       405   0.946972   0.109051  0.0925062
       406   0.909568   0.149749   0.118806
       407   0.886631   0.136975   0.112914
       408   0.861089   0.158301   0.124604
       409   0.851587   0.184853   0.139636
       410   0.804621    0.21713   0.140169
       411   0.881494   0.179514    0.14244
       412   0.843242   0.168094   0.128832
       413   0.856314   0.168911   0.133043
       414   0.829956   0.162965    0.12804
       415   0.919092   0.128174   0.100198
       416   0.810457   0.182469   0.140126
       417   0.828645    0.18589   0.143363
       418   0.900477   0.169618   0.132629
       419   0.900969   0.168909   0.136072
       420   0.903952   0.141616   0.112541
       421   0.885387   0.160174   0.122312
       422   0.935015   0.140792   0.117859
       423   0.894069   0.143147   0.119668
       424    0.90336   0.132299   0.104484
       425   0.889779   0.152198   0.118423
       426     0.8865   0.156478   0.122703
       427   0.937166   0.127789  0.0954669
       428   0.888316   0.165209   0.135618
       429   0.918197    0.13128   0.101523
       430    0.83001   0.190376   0.151325
       431   0.914673   0.160391   0.128377
       432    0.83279   0.191917   0.156366
       433   0.876853   0.153177   0.113954
       434   0.827162   0.216646   0.179049
       435   0.899644   0.142924   0.103267
       436    0.85895   0.159285   0.125222
       437   0.871613   0.152764   0.120415
       438   0.852942   0.170197   0.127882
       439    0.88657   0.166292   0.133374
       440   0.840629   0.174966   0.132821
       441    0.82999   0.181922   0.149824
       442   0.904831    0.13839    0.10886
       443   0.929192   0.124233  0.0980729
       444   0.811373   0.180521   0.132952
       445   0.889503   0.174274   0.143766
       446   0.834551   0.166995   0.122626
       447   0.924651   0.140091   0.104943
       448   0.822545   0.193196   0.139001
       449   0.803217   0.194693   0.118105
       450   0.884616   0.136356     0.1078
       451   0.850583   0.170131   0.128327
       452   0.886423   0.152773    0.12471
       453   0.733709   0.229122   0.159608
       454   0.860903   0.185872   0.144625
       455    0.90001   0.152877   0.114497
       456   0.873154   0.178258   0.134229
       457   0.841684   0.173914   0.134004
       458   0.875246   0.178639   0.135126
       459   0.911068   0.155825   0.127754
       460   0.936417   0.135406   0.100685
       461   0.936333    0.12693   0.100705
       462   0.898555   0.154814   0.124573
       463   0.855811   0.162867   0.135064
       464   0.835842   0.178369   0.137983
       465   0.787777   0.247436   0.168375
       466   0.824414   0.179185   0.141814
       467   0.875228    0.16827   0.131456
       468   0.822425   0.166699   0.124426
       469   0.899774   0.157718   0.125157
       470   0.865375   0.188147   0.141303
       471   0.855777    0.17695   0.143167
       472   0.860929    0.17092   0.131159
       473   0.850909   0.159525   0.125677
       474   0.865883   0.161246   0.129912
       475   0.809403   0.208753   0.157915
       476   0.926225    0.12256  0.0981035
       477    0.91391   0.147829   0.116767
       478   0.862452   0.168667    0.13392
       479   0.914767   0.134667    0.10559
       480   0.821348   0.176936    0.14056
       481   0.833448   0.183743   0.148057
       482   0.900123   0.143787   0.110234
       483   0.844716   0.183524   0.150614
       484    0.88566   0.175242   0.132295
       485   0.888388   0.144296   0.120254
       486    0.88581   0.151079   0.125032
       487   0.885805   0.157696   0.125846
       488   0.854616   0.158077   0.122774
       489   0.760746   0.221522   0.164259
       490   0.923023   0.123415  0.0998725
       491   0.834261   0.170673   0.138086
       492   0.889274   0.153833   0.115388
       493    0.89616   0.154716    0.11969
       494   0.877472   0.166357   0.141957
       495   0.922108   0.131184   0.107575
       496     0.7053   0.244131   0.193393
       497   0.914927   0.133603   0.103183
       498   0.770936   0.204986     0.1571
       499   0.839825   0.193025   0.149533
       500   0.858107   0.155986   0.119435
